costTower1 = 101, 120, 140, 160, 80, 200, 220, 220
costTower2 = 100, 120, 140, 160, 80, 200, 220, 220
costTower3 = 100, 120, 140, 160, 80, 200, 220, 220
costTower4 = 100, 120, 140, 160, 80, 200, 220, 220

sellTower1 = 80, 180, 290, 420, 560, 730, 900, 730, 900
sellTower2 = 80, 180, 290, 420, 560, 730, 900, 730, 900
sellTower3 = 80, 180, 290, 420, 560, 730, 900, 730, 900
sellTower4 = 80, 180, 290, 420, 560, 730, 900, 730, 900

fullLifeTower1 = 200, 220, 240, 260, 280, 300, 320, 300, 320
fullLifeTower2 = 200, 220, 240, 260, 280, 300, 320, 300, 320
fullLifeTower3 = 200, 220, 240, 260, 280, 300, 320, 300, 320
fullLifeTower4 = 200, 220, 240, 260, 280, 300, 320, 300, 320

reachTower1 = 2, 2, 2, 2, 2, 3, 3, 3, 3
reachTower2 = 2, 2, 2, 2, 2, 3, 3, 3, 3
reachTower3 = 2, 2, 2, 2, 2, 3, 3, 3, 3
reachTower4 = 2, 2, 2, 2, 2, 3, 3, 3, 3

attackTower1 = 3, 4, 5, 6, 7, 8, 10, 8, 10
attackTower2 = 3, 4, 5, 6, 7, 8, 10, 8, 10
attackTower3 = 3, 4, 5, 6, 7, 8, 10, 8, 10
attackTower4 = 3, 4, 5, 6, 7, 8, 10, 8, 10

attackIntervalTower1 = 700, 680, 660, 640, 620, 600, 580, 600, 580
attackIntervalTower2 = 700, 680, 660, 640, 620, 600, 580, 600, 580
attackIntervalTower3 = 700, 680, 660, 640, 620, 600, 580, 600, 580
attackIntervalTower4 = 700, 680, 660, 640, 620, 600, 580, 600, 580


